Cross Validation Results: {'fit_time': array([ 8.68485403,  8.0370791 ,  8.6154139 ,  9.48498702, 10.31454182]), 'score_time': array([0.04028797, 0.03910708, 0.04014397, 0.04339814, 0.03931522]), 'test_score': array([0.94928309, 0.95070506, 0.94916459, 0.95022517, 0.94880303]), 'train_score': array([0.98050601, 0.98065414, 0.97997274, 0.97973634, 0.98018071])}
Accuracy score: 0.9545928524030713
Macro F1 score: 0.415022012532687
Classification report: 
               precision    recall  f1-score   support

         0.0       0.97      0.99      0.98      9933
         1.0       0.59      0.36      0.45       334
         2.0       0.58      0.31      0.41       172
         3.0       0.90      0.20      0.32        46
         4.0       0.83      0.17      0.29        29
         5.0       1.00      0.07      0.13        14
         6.0       0.00      0.00      0.00         7
         7.0       1.00      0.25      0.40         4
         8.0       1.00      0.50      0.67         2
         9.0       0.00      0.00      0.00         1
        10.0       0.00      0.00      0.00         1
        11.0       1.00      1.00      1.00         1
        18.0       0.00      0.00      0.00         1
        43.0       0.00      0.00      0.00         1
       229.0       1.00      1.00      1.00         1
       261.0       1.00      1.00      1.00         2

    accuracy                           0.95     10549
   macro avg       0.62      0.37      0.42     10549
weighted avg       0.95      0.95      0.95     10549

